52865.239	52848.591	50738.223	50281.262	49810.19	51695.458	50047.456	53080.428	53203.938	54173.946	56375.305	57404.318	57915.298	57882.828	NA	57501.234	57372.905	56529.734	55469.738	56651.849	58089.008	56327.714	54948.938	54639.534	2023-07-01
54128.327	52047.352	52044.522	51295.046	51289.602	51199.646	NA	52674.417	54417.717	56689.534	57298.689	57944.597	58185.909	58163.874	57790.485	56960.132	56936.064	56069.795	56323.294	NA	NA	NA	56499.916	56081.841	2023-07-02
49780.86	49367.89	48637.092	48580.176	48757.398	49331.405	51176.442	55226.409	59146.522	59672.402	59460.69	59325.636	59906.688	59898.319	59907.639	59444.716	59058.402	58603.334	59374.26	61166.178	60273.695	58370.694	56190.625	54323.606	2023-07-03
51661.462	50771.571	50433.323	50174.421	50159.983	50452.026	51027.621	54778.805	56941.119	57528.537	58774.984	59932.685	57872.746	57910.933	57587.041	57454.058	57390.31	56135.141	57174.495	57494.206	56852.155	56005.148	53000.924	51537.504	2023-07-04
49003.2	48749.948	48720.392	48276.615	48440.451	48897.662	50710.026	57046.234	57887.181	61679.043	59713.775	59315.822	59937.765	60020.216	59527.169	59281.837	59163.936	59042.89	57884.913	59345.68	NA	55899.988	53120.288	51974.341	2023-07-05
49582.751	49076.552	49051.798	49022.549	49284.412	49737.714	51514.443	56188.707	60471.162	60287.817	59780.541	60545.797	60971.741	61214.832	61219.806	60316.277	59721.874	58420.452	57498.892	59128.037	NA	NA	53225.151	51788.342	2023-07-06
50725.493	49811.138	49802.933	50125.133	50249.961	50700.693	52830.533	59461.565	60150.862	60995.95	61330.183	61439.962	61398.451	61614.262	61108.837	60303.512	59965.997	58026.168	58156.696	NA	NA	NA	54988.948	52645.698	2023-07-07
55182.989	52723.448	52255.068	50000.381	50102.366	51246.417	52584.904	56684.475	55114.896	56940.181	58390.209	59028.625	59954.255	59899.687	59551.436	58614.217	57380.42	55800.419	55715.135	NA	NA	NA	NA	52183.217	2023-07-08
NA	51086.167	50029.735	49265.848	48101.721	48631.742	49184.257	50775.129	53174.239	54860.781	56068.792	56964.171	57188.205	57058.829	57041.446	56791.125	57033.106	55580.867	54721.13	55154.719	NA	55391.656	55062.755	55064.664	2023-07-09
47255.051	46955.88	46982.889	46892.987	47149.975	48118.923	49977.496	53753.79	58991.076	59967.09	59406.3	60050.343	59895.521	60015.533	NA	59260.884	59570.205	57593.779	56836.418	57429.421	58010.983	57200.622	53535.509	51379.863	2023-07-10
50008.736	47849.182	47787.749	47743.706	47928.402	48451.732	48963.129	53490.107	NA	57466.277	58484.711	59404.946	59628.721	59588.778	59129.259	58904.49	NA	57425.247	59204.427	NA	58185.275	NA	56125.38	NA	2023-07-11
49819.834	NA	NA	NA	NA	NA	50781.907	56252.492	59336.408	60300.433	57345.284	58706.417	NA	NA	NA	NA	57758.061	NA	56409.383	56498.041	57840.151	55479.974	NA	52562.74	2023-07-12
NA	NA	51823.94	51872.336	51861.705	52060.334	52574.818	55108.516	57529.545	58543.119	59178.43	59360.71	NA	NA	NA	NA	NA	59653.7	60951.45	NA	NA	NA	55267.517	52536.538	2023-07-13
52380.458	50817.544	50422.103	50207.743	49853.799	49431.215	51276.125	54027.976	56410.011	NA	59955.314	61170.012	NA	NA	NA	NA	NA	60836.754	60975.297	NA	NA	NA	53650.23	NA	2023-07-14
NA	54578.288	NA	50392.533	NA	50944.465	54847.179	56268.415	55589.023	56516.328	58011.886	58923.242	59378.204	59483.022	58454.229	58465.072	57364.804	56019.207	NA	NA	NA	NA	NA	NA	2023-07-15
51061.666	50844.597	49724.96	47949.112	50017.505	48223.529	50539.504	51866.386	52064.765	54982.54	56841.795	57621.369	57921.519	57797.131	57566.748	56862.591	56344.821	54990.742	55416.33	56323.74	NA	NA	55611.663	51885.073	2023-07-16
47353.539	46764.385	NA	46387.48	NA	47660.549	50644.465	56805.983	NA	59923.274	60524.467	59163.132	59911.732	60160.408	62297.7	61922.507	59069.225	57790.027	NA	NA	NA	NA	NA	NA	2023-07-17
50458.2	50412.56	50563.252	NA	NA	NA	52654.473	56101.588	NA	NA	NA	NA	NA	NA	NA	NA	60652.523	60428.442	59755.209	58938.264	58395.466	57334.074	55194.771	52478.339	2023-07-18
50085.472	49498.705	49542.199	NA	49317.774	49567.263	52688.04	55886.78	60031.853	61524.546	NA	58956.948	59380.238	59460.103	59274.909	59522.45	58888.749	57890.293	NA	NA	NA	NA	NA	NA	2023-07-19
51966.286	NA	NA	NA	NA	NA	NA	58520.132	60369.236	60499.707	60404.307	59647.139	60249.131	60535.03	NA	NA	59122.834	NA	NA	NA	NA	NA	NA	NA	2023-07-20
NA	NA	NA	NA	NA	NA	NA	NA	NA	NA	NA	NA	NA	NA	NA	NA	NA	NA	NA	NA	NA	NA	NA	NA	2023-07-21
NA	51815.9	51152.637	49883.764	50105.829	50409.092	NA	51862.432	54178.795	54848.658	NA	NA	NA	NA	NA	NA	NA	NA	NA	NA	NA	NA	NA	NA	2023-07-22
NA	NA	NA	48560.716	NA	48014.295	50441.345	49797.098	51839.092	52494.264	54307.904	55855.873	56554.515	57111.466	57032.541	56383.979	55680.438	56214.41	NA	NA	NA	NA	NA	NA	2023-07-23
NA	NA	NA	NA	NA	48583.238	51181.224	52625.381	56431.766	56916.669	NA	NA	NA	NA	NA	NA	NA	NA	NA	NA	NA	NA	NA	NA	2023-07-24
NA	NA	NA	NA	NA	NA	NA	NA	56574.302	NA	NA	NA	NA	NA	NA	NA	NA	NA	NA	NA	NA	NA	NA	NA	2023-07-25
NA	NA	NA	NA	NA	NA	NA	NA	NA	NA	NA	NA	NA	NA	NA	NA	NA	NA	NA	NA	NA	NA	NA	NA	2023-07-26
50643.763	NA	NA	NA	NA	NA	NA	53437.984	56892.166	NA	60278.963	61212.516	61372.963	61307.954	60778.284	NA	NA	60384.42	NA	NA	NA	NA	NA	NA	2023-07-27
NA	NA	NA	NA	NA	48610.561	50351.547	NA	56285.702	58277.299	58727.009	59515.397	NA	NA	NA	NA	58245.798	NA	NA	NA	NA	NA	NA	NA	2023-07-28
NA	NA	NA	50548.776	50310.065	50534.906	50538.273	52150.534	53540.53	55797.496	57438.363	58478.786	59113.97	59189.313	NA	NA	57268.454	55923.795	NA	NA	NA	NA	NA	NA	2023-07-29
NA	NA	NA	NA	NA	48674.139	51344.11	50759.162	51904.891	53885.969	55273.3	56544.98	57353.622	57472.83	57537.876	NA	NA	NA	57068.926	NA	NA	NA	NA	NA	2023-07-30
49512.03	49682.624	50296.041	50048.801	50229.98	50439.556	50851.328	54919.766	57749.16	59355.873	60342.869	61140.357	62034.171	62188.999	62205.656	62043.962	NA	NA	NA	NA	NA	NA	NA	NA	2023-07-31
