116161.992	115440.106	115227.396	114623.4	114698.038	114532.193	114154.022	116728.296	115936.286	116363.497	117344.3	117321.7	118014.21	118124.866	118049.008	117935.515	117415.021	117350.368	119785.348	120295.724	121201.933	120644.025	119773.19	117751.165	2023-05-01
113013.429	112789.729	111970.222	111979.888	112207.414	112981.92	115800.002	117507.708	120148.615	NA	NA	NA	120019.259	120413.861	119860.668	119568.693	119768.039	NA	120517.429	122033.405	122303.734	121103.853	119433.508	117082.681	2023-05-02
117612.491	116649.702	116796.632	116915.81	117204.626	118655.956	NA	NA	NA	NA	NA	NA	NA	NA	NA	123619.41	NA	123079.984	122834.694	121402.359	121870.058	119257.689	118553.744	117037.457	2023-05-03
113973.366	114147.184	113823.005	113887.564	114046.543	114751.894	116542.052	120512.672	125109.628	125869.125	NA	NA	NA	NA	NA	NA	123407.268	122419.614	121602.599	122166.787	121942.691	121287.178	118577.427	116042.515	2023-05-04
115012.573	113824.705	113385.735	113268.196	113528.289	114029.95	116116.821	122215.942	122095.019	122761.692	124021.05	124143.825	NA	NA	NA	NA	NA	120767.388	121014.459	121557.614	121103.896	120756.716	118208.306	115190.422	2023-05-05
117474.094	113627.981	112694.001	112207.155	112099.664	113100.278	114846.176	117438.145	119002.629	119940.593	121824.535	122483.296	122633.867	122584.75	121971.572	121026.13	120011.901	118220.513	116644.753	120595.703	120397.87	120077.609	117566.352	115148.382	2023-05-06
115897.674	114219.38	114740.068	113940.472	112811.505	113754.745	113807.279	114964.263	117764.006	119134.492	120679.429	121190.918	121097.899	120969.729	120438.847	119555.267	118481.896	117318.673	117527.418	119673.201	NA	119588.64	119266.94	116952	2023-05-07
NA	110697.243	110932.683	110939.149	111035.224	111762.712	113430.482	117903.617	NA	NA	NA	NA	118207.464	117978.516	NA	NA	NA	116938.35	117685.972	NA	NA	NA	114280.373	114233.657	2023-05-08
NA	NA	NA	NA	NA	NA	114217.839	116798.366	119056.567	119459.852	119005.157	118485.376	NA	NA	NA	NA	NA	NA	NA	NA	NA	NA	NA	NA	2023-05-09
NA	NA	NA	NA	NA	NA	NA	NA	119972.02	119686.892	NA	NA	NA	117191.029	NA	118514.013	118868.378	119228.347	NA	119787.066	NA	NA	NA	NA	2023-05-10
NA	NA	NA	NA	NA	NA	NA	121028.133	NA	NA	125323.272	124063.108	NA	NA	NA	NA	NA	NA	NA	121426.478	NA	NA	NA	NA	2023-05-11
NA	NA	NA	NA	NA	NA	NA	NA	122193.311	122638.012	NA	122754.181	NA	NA	NA	NA	NA	NA	NA	NA	NA	NA	118481.631	NA	2023-05-12
NA	NA	NA	NA	NA	NA	NA	NA	NA	NA	119649.499	119016.983	119106.224	NA	NA	117689.01	116957.57	116531.346	NA	NA	NA	NA	NA	NA	2023-05-13
NA	NA	NA	NA	NA	NA	NA	NA	NA	NA	NA	NA	NA	NA	NA	NA	NA	NA	NA	NA	NA	NA	NA	NA	2023-05-14
111977.888	NA	111754.385	111651.812	111788.33	NA	NA	NA	NA	NA	NA	NA	122953.958	123673.848	124438.415	124290.408	124361.464	123557.453	NA	NA	NA	NA	NA	119532.902	2023-05-15
117677.256	117110.275	116203.606	116278.819	116264.845	116854.668	118038.612	NA	NA	NA	NA	NA	NA	NA	NA	NA	NA	NA	NA	NA	NA	NA	NA	120281.422	2023-05-16
116032.124	114999.432	114957.404	114832.12	115468.028	117342.685	119014.839	123072.331	NA	NA	NA	NA	NA	NA	NA	NA	NA	NA	NA	121186.643	NA	NA	NA	NA	2023-05-17
NA	NA	NA	NA	NA	NA	NA	NA	NA	NA	122412.125	NA	122103.305	NA	NA	NA	NA	120791.522	NA	NA	NA	NA	NA	117083.587	2023-05-18
NA	NA	113267.571	113132.355	113641.886	115097.356	116861.31	NA	NA	NA	NA	NA	NA	NA	NA	NA	NA	NA	NA	NA	NA	NA	118944.019	NA	2023-05-19
NA	NA	NA	NA	NA	NA	NA	NA	NA	121952.574	NA	NA	NA	NA	NA	NA	118166.352	NA	NA	NA	NA	NA	NA	NA	2023-05-20
NA	NA	NA	NA	NA	NA	NA	NA	NA	NA	NA	NA	NA	NA	NA	NA	NA	NA	NA	NA	NA	NA	NA	NA	2023-05-21
NA	NA	NA	NA	NA	NA	NA	NA	NA	127288.467	NA	NA	NA	NA	NA	NA	NA	NA	NA	NA	NA	NA	NA	117048.944	2023-05-22
NA	NA	NA	NA	NA	NA	NA	NA	NA	NA	NA	NA	NA	NA	NA	NA	NA	123317.374	NA	NA	NA	123106.88	120043.542	119228.778	2023-05-23
115728.185	115262.057	115278.284	114735.653	115082.663	115654.125	117702.702	120813.61	125395.109	125302.987	126010.387	125500.206	125543.572	125114.422	NA	124260.515	NA	NA	123681.02	NA	NA	NA	120203.393	NA	2023-05-24
NA	NA	NA	NA	NA	116806.386	117911.677	122914.425	NA	125469.143	125711.97	125784.664	125629.791	125574.796	125198.355	124252.043	124490.481	123530.891	123155.907	124468.316	124099.132	123086.708	120847.087	120568.675	2023-05-25
119280.27	118454.38	118388.762	118347.411	118717.822	119272.048	122732.792	125879.911	127075.947	128504.737	128904.385	128699.197	NA	128632.964	128117.865	127351.438	126436.539	125995.966	125132.224	124682.781	125724.999	125721.439	NA	NA	2023-05-26
119170.092	120625.823	NA	NA	NA	NA	NA	NA	125244.994	126361.107	127875.991	128607.181	128720.801	128262.445	NA	127065.882	125741.018	124560.264	NA	124448.636	123869.343	123567.849	123216.563	NA	2023-05-27
119173.572	117911.655	118712.686	116893.316	116752.01	117964.964	NA	118274.176	NA	NA	122942.982	123178.434	123492.961	123035.669	122496.966	121309.282	120180.009	119750.842	NA	NA	NA	NA	NA	119612.688	2023-05-28
115928.518	NA	NA	NA	NA	NA	119237.323	120949.116	122571.472	123928.662	124743.334	125460.677	NA	NA	124907.173	124320.806	123581.467	123224.202	123016.763	122209.326	NA	NA	NA	NA	2023-05-29
117588.268	116886.697	NA	NA	NA	117570.19	119539.581	122719.78	125632.74	127260.323	127566.53	127042.981	126033.476	125607.979	125094.243	125718.7	125162.106	124267.163	125187.459	123738.463	123326.391	123136.636	121910.974	119851.328	2023-05-30
117408.678	116151.927	116010.002	115745.471	116235.581	117957.169	119795.403	121912.459	126251.288	125399.553	127427.023	126567.755	126150.837	125889.439	125394.671	124730.111	123870.341	123155.947	125464.702	123217.994	123478.641	NA	119907.171	119690.244	2023-05-31
