116878.803	116429.854	116673.731	115643.09	116215.052	116907.965	119424.432	122853.588	125901.417	126740.701	126835.6	126776.678	125093.766	124872.15	126009.64	125672.119	125456.6	NA	124496.663	124699.623	NA	NA	121354.066	120756.018	2023-06-01
120775.041	119032.441	NA	118712.723	118372.526	117950.225	119062.24	120884.28	122267.324	123838.845	124187.816	123864.637	123709.455	122980.208	122007.257	121207.392	NA	122559.543	123012.353	124629.189	NA	NA	NA	121169.915	2023-06-02
119910.509	119509.439	118249.287	117237.737	117375.737	117613.513	118990.955	121892.744	125101.334	125064.036	125126.7	124690.666	NA	124484.122	123572.329	123226.245	122580.669	124066.372	123291.593	NA	NA	NA	NA	120752.105	2023-06-03
119492.856	119076.298	119215.137	119067.425	118903.008	119059.556	NA	NA	120952.34	123007.719	124247.452	125067.255	125252.709	124084.166	123661.102	123876.305	123807.452	123498	124679.678	NA	NA	NA	124676.225	123484.126	2023-06-04
NA	NA	NA	NA	NA	115754.531	117643.957	122219.815	126148.069	125857.381	125981.615	124093.772	123650.037	123658.297	123707.199	124458.818	124693.027	124762.206	125146.996	126335.118	126116.134	NA	122052.665	121515.123	2023-06-05
48067.577	46825.214	NA	45462.067	45621.378	NA	48927.713	53649.658	56327.607	55938.572	57295.689	56642.323	55348.366	55104.58	55022.451	54672.043	55448.72	55444.93	53648.705	53989.721	53426.361	53061.338	50576.572	49414.02	2023-06-06
46797.775	46826.829	46475.09	46004.381	46263.041	47246.17	49034.292	52822.566	55480.953	55303.966	55770.62	55741.683	55640.512	56150.871	55901.655	55929.69	55579.871	55372.771	55145.732	55532.342	55077.616	54497.835	50832.509	50354.573	2023-06-07
48946.276	45753.724	45522.344	45445.856	45894.313	46748.365	50042.465	52559.486	55934.237	56615.925	56779.796	56952.862	56333.16	56377.293	56198.407	56128.341	55221.387	55698.504	55202.699	55698.845	55348.869	55067.501	54621.873	51144.151	2023-06-08
49545.524	46868.232	46487.702	46626.679	46846.834	47583.633	51161.825	55848.778	58481.909	57458.262	58731.289	57037.338	57142.495	57130.25	56394.913	55172.988	54925.174	55030.62	55199.401	56614.487	56216.827	53999.379	52975.775	52218.884	2023-06-09
50687.664	52335.477	50165.386	48902.492	49803.615	50326.463	49397.704	NA	NA	52057.793	52573.436	53413.929	52640.965	52389.716	52250.231	52256.872	52177.021	51201.916	53721.076	NA	NA	NA	NA	NA	2023-06-10
NA	NA	NA	NA	NA	50483.233	50871.182	50472.317	50948.741	53251.744	54304.562	54651.628	54286.294	54054.371	53298.266	52856.286	52449.03	53260.173	54443.017	55911.283	NA	NA	55565.268	53678.075	2023-06-11
NA	46412.17	46139.242	46235.928	46412.08	47361.653	49781.441	55626.819	58481.825	59510.879	60127.631	60023.693	59531.934	60337.728	59975.754	59799.402	59379.542	57554.22	58047.688	58587.044	58612.105	57545.846	54031.139	53142.561	2023-06-12
49431.698	48502.884	48467.682	47720.597	48077.418	49108.612	51334.868	55658.738	NA	58063.55	58128.846	57660.761	57813.099	57562.144	57306.799	56315.877	58048.025	NA	57340.07	57448.632	57957.932	56614.488	55454.276	52576.602	2023-06-13
47989.534	46835.132	46946.662	46788.712	47041.717	47624.018	49381.735	54263.243	NA	NA	NA	NA	NA	NA	55037.462	54797.052	NA	NA	56291.922	56976.928	56894.602	55594.917	54299.344	50651.041	2023-06-14
47391.19	47123.702	46814.534	46410.909	46828.969	47516.913	50847.324	55587.768	58238.814	57919.656	59080.257	57725.528	57935.998	58158.47	57950.626	57684.948	57477.827	57152.736	57800.771	59182.399	59195.324	56307.67	55332.493	52593.626	2023-06-15
51718.034	52064.427	51554.18	51948.477	52248.281	53200.466	54998.417	57695.106	NA	NA	NA	NA	NA	NA	NA	NA	NA	NA	62061.677	60703.989	59743.096	59372.218	58682.036	57238.936	2023-06-16
56452.935	53263.448	53294.681	52675.934	52957.466	53227.823	52879.513	55912.545	58992.836	60986.814	62019.851	61391.147	61446.781	61141.677	60659.657	59957.207	59425.699	57486.699	57212.961	56799.362	57549.496	56873.416	55461.889	56350.257	2023-06-17
53222.676	50486.27	50632.438	50653.588	50357.32	50164.439	51165.686	52824.256	54225.077	56297.871	56916.108	57668.472	57956.377	57884.368	57076.567	56605.981	55986.745	55434.25	55178.32	54262.215	NA	NA	54581.61	53151.837	2023-06-18
47770.659	47505.622	47505.262	NA	NA	48479.94	51220.459	54679.549	57798.41	59136.424	58167.613	58696.484	57072.595	57759.939	NA	56472.451	56608.323	55315.466	56375.683	56135.139	57691.329	55462.472	53947.609	52859.144	2023-06-19
49436.395	47593.919	47301.647	47854.001	48132.443	48239.037	51562.404	54411.548	NA	NA	NA	NA	NA	NA	NA	NA	NA	56233.885	56286.331	56171.21	56485.416	55085.029	53304.67	52511.935	2023-06-20
50023.219	48374.096	48270.298	48449.222	48520.84	48941.026	51560.235	NA	NA	NA	NA	NA	NA	57960.649	57106.95	NA	NA	NA	NA	NA	NA	NA	NA	NA	2023-06-21
48796.126	48090.91	47666.125	47472.378	48023.569	48827.565	50764.97	55920.042	58399.921	58270.466	57275.279	57673.89	57695.595	57713.56	57653.332	57093.092	56436.348	55862.919	57572.156	58346.126	57955.228	57189.502	55694.156	53589.491	2023-06-22
50232.705	49762.93	49204.791	49480.833	49606.267	50019.944	51897.804	55556.945	58365.652	59575.221	58747.326	58994.127	59430.744	NA	NA	NA	NA	59159.685	60224.886	59665.095	57829.977	57511.302	55339.918	53378.037	2023-06-23
55102.642	53212.645	52138.356	50894.502	50727.455	51085.906	51665.671	53077.671	55342.873	57149.878	58091.964	58396.809	58109.683	58677.781	57853.853	57991.407	57890.879	57999.475	58469.021	60253.16	58893.346	58616.04	56422.692	56100.878	2023-06-24
53536.836	52217.873	51394.341	51777.204	51626.795	51825.337	51767.217	52713.941	54333.597	56620.806	58212.805	NA	NA	NA	NA	NA	58069.735	57375.837	57612.856	58968.738	58794.522	NA	58174.032	56131.147	2023-06-25
49033.509	47925.001	46874.933	46929.239	47304.613	48322.155	49593.914	55912.641	59865.248	60271.035	60621.468	NA	59920.041	NA	NA	NA	60060.738	59665.544	58782.276	58431.185	58699.744	56592.262	54558.108	51723.638	2023-06-26
49196.716	48795.064	NA	NA	NA	NA	49621.164	52701.005	56911.532	56348.208	57780.296	58345.933	58119.223	58850.252	58093.022	58038.536	57718.477	58317.846	58245.84	57543.085	NA	56295.332	53593.342	51765.912	2023-06-27
NA	NA	49272.663	NA	NA	NA	52430.428	56516.289	58323.975	60654.419	58766.337	57988.4	58457.798	58675.863	58853.81	57875.286	57386.115	56428.031	56548.493	55656.383	NA	55699.148	53042.973	51173.947	2023-06-28
50511.626	49185.697	48712.099	48710.889	48828.685	49080.251	49829.844	53049.207	56444.565	58575.451	57317.117	57138.616	58337.336	58386.047	57752.476	58109.466	57314.698	56974.649	58230.4	58027.704	57293.489	55430.91	54050.852	52391.309	2023-06-29
51776.276	48778.985	48301.398	48063.653	48176.751	48550.135	49077.217	52522.206	55693.516	56676.908	59974.665	56278.814	56473.68	57004.047	56795.744	56794.735	56450.347	55582.249	55124.636	54194.419	NA	NA	52955.789	51960.281	2023-06-30
