30079.289	NA	NA	NA	NA	NA	NA	NA	NA	NA	NA	NA	NA	NA	NA	NA	NA	NA	NA	39559.633	39351.661	37058.721	34078.682	31786.107	2022-09-01
29917.404	28299.195	27384.441	26902.719	26945	NA	31239.182	34433.903	NA	NA	NA	NA	NA	NA	NA	NA	NA	39096.489	38803.943	38789.004	38531.377	36184.573	33486.284	31314.292	2022-09-02
30456.794	28769.667	27466.494	26966.465	26681.44	26648.362	28010.593	29611.672	31590.046	33186.859	33389.796	33308.362	32693.072	31792.59	31448.766	31049.632	31495.64	32174.807	33273.224	34364.294	34596.965	NA	30753.18	28958.238	2022-09-03
27334.11	26019.314	25136.269	24583.415	24145.226	24283.59	24235.888	24322.644	25803.484	27205.436	27979.522	28558.154	NA	28195.036	NA	NA	NA	29190.421	30393.033	31461.754	32891.734	31563.455	29798.869	27907.462	2022-09-04
26569.675	25348.773	24669.135	24215.877	24387.497	26184.461	30318.375	33530.967	38186.617	39752.052	40311.089	NA	39660.824	NA	NA	40804.322	NA	40248.685	39609.009	39458.512	39702.597	37418.546	34429.441	31958.901	2022-09-05
29761.829	28397.646	27435.238	27360.212	27313.736	28415.84	32136.172	35549.695	39707.672	40940.56	41116.736	NA	40134.706	NA	NA	41353.639	41424.225	40966.572	40550.533	40301.331	39883.277	37470.506	34420.05	32144.626	2022-09-06
30063.495	28616.972	28001.628	27728.235	27673.656	28598.825	32259.625	35680.868	39954.106	41036.507	40799.875	41035.675	39730.73	39561.583	NA	40621.778	41199.627	40782.891	40259.485	40257.9	39661.822	37188.067	34371.193	31597.859	2022-09-07
30878.14	29079.843	28224.951	27809.505	27977.716	28764.81	32380.22	35897.859	40526.491	41996.065	41747.066	42044.782	40560.909	40412.678	NA	NA	40966.746	40646.971	40789.716	40598.968	40244.969	37520.544	34850.706	NA	2022-09-08
30582.032	29073.114	28109.804	27755.181	27837.622	29113.08	32279.997	35567.493	39631.802	40999.203	40735.688	NA	NA	NA	NA	NA	NA	40218.825	40328.701	39644.449	39504.06	37368.063	NA	NA	2022-09-09
29756.408	27970.256	26902.869	26420.15	26581.132	26645.876	28270.766	29596.986	31398.852	32396.186	32191.572	31936.571	30825.03	NA	NA	NA	30256.559	31518.181	32903.659	34100.765	34462.837	NA	NA	28570.889	2022-09-10
27023.726	25841.229	24761.893	24073.115	23854.538	23959.244	24695.891	24977.286	26277.14	27438.374	27975.438	28276.454	28388.898	27615.275	27197.013	27203.127	27670.286	28743.74	30390.531	32550.723	33302.038	31838.052	NA	NA	2022-09-11
NA	25073.537	24148.606	23881.015	24165.163	25919.82	30558.118	33996.805	38339.969	39821.299	40346.211	40602.331	39176.11	39327.673	40036.232	NA	NA	NA	39547.165	39506.904	39308.647	37042.297	34375.857	32156.401	2022-09-12
29577.212	28358.056	27335.256	27167.369	27328.199	28381.639	32060.785	35832.118	40115.765	41077.07	NA	NA	39966.086	NA	NA	41361.2	41780.881	41177.167	40864.339	40660.998	40264.244	37847.976	34921.373	NA	2022-09-13
NA	29590.89	28497.612	28223.262	28322.482	29869.696	33058.633	36996.383	41037.374	NA	NA	NA	NA	NA	NA	NA	NA	NA	41581.054	41447.449	40970.759	38685.729	NA	NA	2022-09-14
31185.662	29566.256	28379.586	27892.434	28080.906	29493.591	32938.088	NA	NA	NA	NA	NA	NA	NA	NA	NA	NA	41484.374	41199.062	40828.263	40476.401	38270.094	35116.91	32701.279	2022-09-15
30394.272	28882.81	28242.209	27712.168	27645.78	29073.814	32613.401	NA	39974.881	40952.103	41271.264	NA	NA	NA	NA	40474.53	40577.905	40083.057	39978.512	39436.33	39438.776	37021.763	34136.258	31790.525	2022-09-16
29383.765	27875.502	26745.596	26339.439	25850.245	26489.275	27934.361	29449.832	NA	NA	NA	NA	NA	NA	NA	NA	NA	NA	31623.717	33575.034	33452.267	31385.87	29310.87	27496.39	2022-09-17
25802.857	24334.463	23491.048	23029.321	22850.917	23047.819	23503.765	23925.816	25169.012	26283.764	26769.898	27017.132	27025.856	26189.258	25733.133	25735.576	26263.029	27053.581	28420.796	30492.608	31023.971	29860.705	27900.904	26027.021	2022-09-18
24519.879	23354.291	22978.223	22671.455	22965.571	24915.57	29403.096	33474.554	37335.192	NA	38541.327	38401.512	NA	NA	NA	NA	NA	NA	NA	NA	NA	NA	NA	NA	2022-09-19
NA	NA	NA	NA	NA	NA	NA	NA	NA	NA	NA	NA	NA	NA	NA	NA	NA	NA	NA	NA	NA	NA	NA	NA	2022-09-20
28214.855	26651.112	26057.113	25978.562	26140.167	27517.476	31499.405	35077.58	NA	NA	NA	NA	NA	NA	NA	NA	NA	NA	NA	NA	NA	NA	NA	NA	2022-09-21
27405.529	26313.13	25718.197	25321.538	25597.038	26947.165	31306.817	34929.637	NA	NA	NA	NA	NA	NA	NA	NA	NA	NA	NA	NA	NA	NA	NA	NA	2022-09-22
NA	NA	NA	NA	NA	NA	NA	NA	NA	NA	NA	NA	NA	NA	NA	NA	NA	NA	NA	NA	NA	NA	NA	NA	2022-09-23
NA	NA	NA	NA	NA	NA	NA	NA	NA	NA	NA	NA	NA	NA	NA	NA	NA	NA	NA	NA	NA	NA	NA	NA	2022-09-24
NA	NA	NA	NA	NA	NA	NA	NA	NA	NA	NA	NA	NA	NA	NA	NA	NA	NA	NA	NA	NA	NA	NA	NA	2022-09-25
NA	NA	NA	NA	NA	NA	NA	NA	NA	NA	NA	NA	NA	NA	NA	NA	NA	NA	NA	NA	NA	NA	NA	NA	2022-09-26
NA	NA	NA	NA	NA	NA	NA	NA	NA	NA	NA	NA	NA	NA	NA	NA	NA	NA	NA	NA	NA	NA	NA	NA	2022-09-27
NA	NA	NA	NA	NA	NA	NA	NA	NA	NA	NA	NA	NA	NA	NA	NA	NA	NA	NA	NA	NA	NA	NA	NA	2022-09-28
NA	NA	NA	NA	NA	NA	NA	NA	NA	NA	NA	NA	NA	NA	NA	NA	NA	NA	NA	NA	NA	NA	NA	NA	2022-09-29
NA	NA	NA	NA	NA	NA	NA	NA	NA	NA	NA	NA	NA	NA	NA	NA	NA	NA	NA	NA	NA	NA	NA	NA	2022-09-30
