1.68889510347282
1.75469558143082
1.79677321265128
1.80575645850285
1.811486601922
1.81336915412769
1.8134222674123
1.81438251894036
1.81498240528858
1.81675650538727
1.8166104450315
1.81539636529773
1.81519334381817
1.81552328822665
1.81533848570849
1.81544997972836
1.81772021486849
1.82024553051405
1.82401027535938
1.82946220400729
1.83654370602824
1.84045425564214
1.84149124671119
1.85288568970752
1.86635255437532
1.87204199554746
1.87472587497471
1.8770467185762
1.8776368554095
1.87727812057455
1.87775429726997
1.87708359446073
1.87632797248774
1.87491535622187
1.87240168823292
1.87156638867829
1.86978940450915
1.86717313523347
1.86423508913691
1.86290910468111
1.86198646533003
1.86102059565876
1.86045653710247
1.8591212641357
1.85843694171083
1.8600702427209
1.86192065173527
1.86270415425774
1.86241459353081
1.86224237989503
1.86156351890173
1.86042570159499
1.85954821131238
1.85865894758085
1.85760442942185
1.85672959338109
1.8563495130935
1.85561323039661
1.85506991878121
1.85476896273104
1.85468368221942
1.85464685120758
1.85521884605694
1.85513932278545
1.85516053612819
1.8572447467876
1.86065084404132
1.86184833979947
1.86229636720915
1.86186407375686
1.8617961209068
1.86115894206549
1.86108695214106
1.86054823920601
1.85963251221601
1.85773566574377
1.85604037861243
1.85567171844318
1.85486401410224
1.85372610534797
1.8529049632538
1.85224219851017
1.85218081626491
1.85306947379012
1.85384643252491
1.8536514343231
1.85450820249597
1.85681462850244
1.85922380401429
1.8603438490566
1.86121442593245
1.86140488295998
1.86138279873105
1.86389003626839
1.87092028401652
1.87445149272517
1.87759612383589
1.88009136212625
1.88081033875271
1.88081900110764
1.88110648474474
1.88283522126567
1.8841747846673
1.88673600120962
1.88872763469583
1.8889185103059
1.88801704058482
1.88765695123796
1.8863983264442
1.88528201119572
1.88297913306452
1.87770550879492
1.87569362238467
1.87394409687185
1.87149546187979
1.87071558985222
1.86752756620429
1.86346512683443
1.85941519612786
1.85810596661119
1.85646844574484
1.85594642046315
1.85278728557013
1.84632450297709
1.8400560879653
1.83458130388746
1.832379953615
1.82951926179911
1.82512881270481
1.82146021982454
1.81943900347975
1.8178636432427
1.8157024614143
1.81508860184671
1.81485567946712
1.81296694757027
1.81226538442122
1.81222819672131
1.81227291992532
1.8135139540752
1.8136600060551
1.81372540115047
1.81428572869899
1.81557520294459
1.81983676455747
1.82291746127844
1.82395738564728
1.8243117433414
1.82449545867393
1.82557696963583
1.82635527643261
1.82640394411661
1.82523427966315
1.82519004387956
1.82505805507919
1.8250209331652
1.82709104665826
1.82818352834376
1.83031577353921
1.83283763744578
1.83602205733899
1.83716236255422
1.83749974780591
1.83879495459132
1.83821698779381
1.83865915052462
1.83932252043184
1.84309574038559
1.84435160070582
1.84472484609951
1.84813711548159
1.84958178241792
1.85109214707217
1.85322649594193
1.85249974775502
1.85240995009829
1.85243694852014
1.85139981840194
1.85037713594435
1.8482223733938
1.84671183023338
1.84553384406028
1.84519596091861
1.84510322418136
1.84469952129
1.8440217435173
1.84440008070211
1.84530159850739
1.84644792979979
1.846862894286
1.84698392056051
1.84949473100388
1.85292312348668
1.85634761352754
1.85866137566138
1.86118106228583
1.86166257174504
1.86190579345088
1.86205650857719
1.86033714602439
1.85975890203979
1.86187258998238
1.86450415303297
1.8656344470162
1.86585283455845
1.87258373229854
1.88123401250757
1.89005783375315
1.89795577494585
1.90459293015761
1.90720651682003
1.90797182248163
1.91503274647887
1.9221029589372
1.92769149096764
1.92966317907445
1.93130364148476
1.93180631219218
1.93196912711183
1.93274204414057
1.93174314001407
1.93380876073743
1.93760138770174
1.94085188906752
1.94166748718979
1.94197446851284
1.94297427264962
1.943920651682
1.94399914551395
1.94418393000805
1.9451547631023
1.94546896828986
1.94564997737898
1.94635783229439
1.94617175323043
1.94667940851021
1.94705633236093
1.94807135314527
1.948319008846
1.94856429218231
1.95142702512209
1.95370981042892
1.95377546296296
1.95322108176101
1.95540956696878
1.9560982304444
1.95628351526737
1.95781374130457
1.9615773408428
1.96498882962665
1.96740103825412
1.97165729659057
1.97206492593522
1.97221535909936
1.97981331651955
1.98524044209997
1.99038280229169
1.99418732104285
1.99969437468609
2.00104977670731
2.00161672106452
2.00323545942691
2.00275385387899
2.00136831802439
1.9999038992322
1.99937101551127
1.99909196325486
1.9990308217459
1.99780823086575
1.99507524722654
1.9929952768566
1.99196124497992
1.9908275411812
1.99025181950509
1.99011482076514
1.98783011951391
1.98285837017685
1.97442565905097
1.9626853287685
1.95111690275747
1.94835256410256
1.94722263216416
1.94126339466235
1.93418237466485
1.92748278651231
1.92201689599352
1.91787164964094
1.91657531475957
1.91587403885067
1.91372179500152
1.90828266477819
1.9034656461554
1.89999328214971
1.8977445959596
1.89695587195799
1.89658726391274
1.89387220285902
1.88884570302632
1.88253519276439
1.87748764248966
1.8740046927036
1.87282170777223
1.87234117053481
1.86820400627245
1.86449268932137
1.86379062263675
1.86126837511981
1.85990478833443
1.85925242130751
1.85895165766766
1.8568640654182
1.85321727933751
1.84718814732481
1.84097381697104
1.8353202159326
1.83367357434579
1.83302088167053
1.83002158999193
1.82792142028547
1.82691052074406
1.82587682914522
1.82108283367763
1.82010930255997
1.81965069356873
1.81766195833123
1.8161761294877
1.81451646080161
1.81277745839637
1.81121197459933
1.81077984378937
1.81056613383087
1.80963913679221
1.8084983368612
1.80754162886806
1.80551746912024
1.80185917267093
1.80118132366274
1.80091344893638
1.79893101536911
1.79587690214653
1.79070724330863
1.78572254946383
1.78490345973712
1.78386412851891
1.78331282748892
1.7799961707059
1.77719459704652
1.7740751447998
1.77130788202134
1.76971629920467
1.76859083815756
1.76823962948047
1.76797008762212
1.76872604187638
1.76989784729906
1.77164604171902
1.77290239364377
1.77315075932817
1.77316024738536
1.77315987318841
1.77317663932364
1.77550704508857
1.77741367684798
1.77764221014493
1.77759839983898
