621
608
615
608
616
624
627
618
607
624
614
619
561
617
618
618
612
575
629
595
628
625
623
611
586
626
622
628
627
611
613
610
605
618
624
628
604
596
627
628
595
610
611
606
620
609
617
620
615
612
612
612
608
579
599
616
620
607
621
603
606
578
624
617
584
593
584
584
585
581
583
582
572
587
592
591
589
584
570
569
571
578
579
575
610
607
571
585
601
601
608
612
608
594
614
587
612
615
615
615
608
609
607
600
611
609
585
587
586
590
587
626
632
627
632
612
620
619
633
630
632
584
616
607
610
628
624
625
623
620
617
628
629
629
627
626
625
625
624
623
619
585
613
612
622
622
621
622
613
595
612
622
622
620
618
606
605
564
609
599
594
594
598
592
603
598
607
588
604
607
603
619
598
595
619
621
596
587
600
580
579
622
617
607
607
613
611
608
592
584
562
582
554
570
583
583
599
601
593
593
599
611
611
602
595
584
587
612
603
607
608
580
622
582
562
588
632
623
626
629
599
619
621
619
573
574
568
566
572
571
572
570
567
558
572
571
574
574
576
576
572
575
579
578
626
624
622
631
609
610
630
630
630
614
606
595
581
615
610
612
613
611
621
588
611
621
624
626
612
626
625
626
621
627
617
633
619
617
616
625
623
623
624
605
600
625
620
624
618
615
606
601
616
626
628
621
590
625
605
593
622
617
612
620
617
606
620
611
614
612
615
618
609
586
586
588
567
581
584
624
636
638
635
633
627
612
617
622
643
642
629
620
622
613
618
634
640
620
578
614
603
617
616
606
606
590
596
586
597
617
574
617
574
616
616
617
618
637
635
633
603
627
631
631
630
