0
38
38
52
0
57
0
11
379
816
101
442
176
10
182
1067
222
282
871
356
329
610
785
163
208
67
369
105
0
473
15
53
276
233
0
NA
385
401
194
235
183
0
4
5
50
303
215
345
56
NA
321
602
878
245
462
1068
11
817
149
288
373
211
0
0
422
84
98
121
182
NA
0
275
637
373
50
65
0
32
303
190
320
18
194
NA
208
801
59
130
11
376
NA
14
107
62
128
7
59
41
4
60
74
648
44
353
0
19
506
36
43
52
79
36
26
31
86
22
70
344
155
37
158
197
144
28
74
36
35
654
477
893
468
755
392
197
241
1552
710
582
837
744
403
591
499
842
665
266
4
0
892
636
726
645
51
0
66
816
587
600
701
1578
590
142
398
1286
950
547
1067
NA
139
521
479
578
1558
885
313
87
532
904
173
318
502
115
6
781
411
234
857
393
4
6
262
113
588
289
637
165
12
445
804
629
843
516
167
31
518
695
538
711
45
45
12
1347
744
1079
631
1134
0
0
668
1
151
133
243
1357
70
249
4
417
126
0
54
0
390
321
0
76
251
234
116
1012
723
1425
319
394
102
0
314
715
399
133
326
0
78
360
376
558
118
1211
126
60
705
261
412
535
479
964
0
491
191
463
502
162
70
43
450
46
560
465
758
38
37
36
258
40
59
370
121
92
151
133
429
395
271
861
36
617
912
1653
905
1079
433
242
833
1137
817
1281
1410
898
441
1003
1202
1161
840
1330
316
596
566
2137
614
334
1047
420
41
1246
872
1025
601
686
263
422
1237
1199
353
1858
1414
420
19
693
980
1567
1215
213
241
226
1381
613
915
696
810
268
NA
748
546
897
765
402
95
96
94
238
148
134
324
357
43
