4384
2972
2772
3466
3970
2913
3097
3745
1178
4759
5033
4603
3355
5432
3702
2678
1272
2857
4429
3291
3381
2853
2507
5573
3591
3630
5207
5391
6378
6566
7327
6611
6822
6422
6635
7564
6631
7974
6738
5571
7687
8843
7525
7931
7766
8553
6006
7256
6789
6393
6588
4930
4445
4336
4907
2727
2253
4658
5390
4758
4419
7289
8800
9545
6018
8864
7287
7464
6635
8030
8239
8950
5144
7241
10591
10806
10526
7030
4195
8137
9325
9659
8874
10487
8251
7550
10025
8670
7223
6206
9335
8509
7363
9194
8121
9520
9927
7653
7904
9067
9172
7955
5447
6772
7286
8152
6129
6752
10130
7902
8912
10816
10623
6812
9231
10368
10934
9953
6904
6853
3612
4999
6292
10396
11000
11293
11163
5624
6956
3067
7675
6744
4966
5515
6254
4425
4681
7079
4335
2791
7221
9646
10752
10690
8754
10001
11010
10797
9649
9992
9877
9840
11161
9960
8726
4653
7614
8047
9786
9034
5752
9378
9171
8283
6498
8181
9643
11136
11246
9749
9779
9399
8806
8566
10194
10575
10485
9845
8673
9269
7493
7196
10220
9395
9718
10007
8173
9973
9623
10744
9830
9357
9020
5764
9364
9943
10399
9669
9397
9277
9375
8414
9160
9760
8282
5726
9051
9565
8505
9881
10226
8834
9132
9834
9186
7771
5573
10639
10958
10811
10351
10904
10641
10567
11009
10647
10703
10477
10387
10378
9906
10359
10080
10302
10068
10005
9961
10108
7966
5460
5606
8369
9480
10177
10315
10192
8675
7504
9242
9181
9561
9955
10237
9973
9104
6015
6776
6983
6794
8623
6777
7940
5411
5815
5480
6883
9818
8811
8956
9773
9010
9491
9782
9717
9312
8758
7892
7889
7610
9203
9359
8852
7999
7860
7259
7724
7999
7601
4418
4708
3600
4488
3996
3573
8206
5916
3509
2972
5598
4573
7473
5977
4177
4926
3380
3982
4343
6916
6743
7198
3742
4081
5699
2834
6916
2055
5459
3703
4491
4998
6103
7140
6031
3384
2016
2591
3956
5058
4122
6266
3060
2651
4353
2174
2317
2789
4532
3781
899
3395
4825
3148
3227
2904
2432
2176
1813
1885
3217
3843
4541
4055
4814
3348
3117
3799
3724
3495
3368
2776
2860
2113
1608
1585
1864
