149
936
324
455
1362
291
151
1581
6754
7319
5182
2518
1076
2367
2543
6455
7389
5769
3488
2942
4748
962
2883
691
2357
2585
4193
1602
2673
1182
4571
2897
793
895
2198
7491
6714
4820
3467
3193
4328
1157
3342
1391
2683
1510
1178
856
1747
3336
417
1673
147
109
1271
4617
4321
946
1850
2081
1425
550
2550
1659
5424
3257
4557
5848
6999
6588
3563
801
5138
5472
5087
3067
723
291
1262
2190
979
286
2146
5103
2900
5380
6652
3519
2910
4087
6482
521
6711
5634
1925
4739
363
1109
2098
4743
2433
2164
4215
7105
4484
1989
3164
801
1057
571
467
595
1096
5375
5067
4267
549
430
1136
940
2233
2968
4686
3141
1157
304
439
1031
1147
995
3714
2764
1805
2450
1830
4370
4553
775
2001
3202
2676
1098
230
327
602
3357
3378
1562
626
414
602
321
99
109
573
1044
417
73
132
280
518
387
1808
264
174
1302
5807
5601
1472
370
412
296
461
1701
1544
4519
2267
388
1657
1752
270
3726
1818
956
382
673
490
1229
842
488
481
119
1562
3168
532
153
154
157
654
1095
604
1331
1544
1734
1933
4415
6607
1408
1356
207
833
798
1163
2700
986
1666
4680
4751
2102
1538
269
716
1584
2126
750
365
261
584
1733
1162
1826
3868
2984
2080
1087
609
152
202
1085
6094
5674
4842
2689
389
494
1207
6364
6525
5354
3966
2172
1738
1455
527
156
977
301
109
465
187
536
1532
338
1951
4905
2092
2958
2881
6078
3927
905
424
820
1975
3382
275
270
167
267
301
1352
596
638
115
108
124
710
3648
904
1412
637
3589
6386
2552
2192
1242
2711
3184
4570
6453
4058
1181
2728
5745
1112
4117
7368
5284
6569
4006
2409
1391
572
4115
6163
2956
2330
4342
5433
617
6142
5228
2250
2134
3024
1270
5644
1483
8045
1775
1475
7157
1351
5052
6430
6199
1877
356
3047
1230
3406
700
1810
5262
3425
4014
5994
3608
4908
7003
4158
2155
612
735
1477
6608
4987
5342
2485
1942
211
938
430
441
895
