NA	NA	NA	NA	NA	NA	NA	NA	NA	NA	NA	NA	NA	NA	NA	NA	NA	NA	NA	NA	NA	NA	NA	NA	2022-03-01
NA	NA	NA	NA	NA	31893.982	NA	NA	NA	NA	NA	NA	NA	NA	NA	NA	NA	NA	43961.673	44102.17	41936.537	38940.974	35442.72	31699.162	2022-03-02
29198.322	28040.014	27219.677	27064.895	27414.347	29069.598	33604.283	NA	42430.888	NA	42145.442	41374.626	39908.269	39460.029	40027.362	NA	41401.314	41734.441	NA	NA	41655.829	38693.041	35188.315	31561.436	2022-03-03
29046.167	28321.233	27283.431	27098.082	27426.73	28508.848	33153.393	NA	NA	NA	NA	NA	39199.509	38591.09	39165.018	39557.635	40069.379	40868.653	NA	42713.421	40413.191	37520.897	34007.419	30789.071	2022-03-04
29162.657	27656.697	26653.341	26293.252	26238.958	26990.906	29409.069	31253.603	NA	NA	34970.078	34424.416	33620.203	32427.165	31740.662	31905.03	31987.548	NA	36832.665	NA	NA	33420.541	30902.779	NA	2022-03-05
26462.015	24906.576	NA	NA	NA	23791.668	24693.828	25219.542	26837.859	NA	NA	30019.241	29960.109	28470.599	27719.935	26979.681	27830.82	29646.808	NA	NA	34390.131	32605.269	30075.23	27473.712	2022-03-06
25753.662	24357.477	24575.257	24193.276	23905.661	26451.063	NA	NA	NA	NA	40953.457	41519.136	40293.967	38823.243	NA	39972.883	40712.073	NA	NA	NA	NA	NA	34943.786	31892.802	2022-03-07
28938.613	27370.671	26857.933	26664.613	26921.084	28716.694	NA	NA	NA	NA	NA	NA	NA	NA	NA	NA	NA	NA	NA	NA	NA	38872.701	34926.322	NA	2022-03-08
29041.452	NA	NA	NA	NA	NA	NA	NA	NA	NA	NA	NA	NA	NA	NA	NA	NA	NA	NA	NA	NA	37228.449	33989.323	30726.564	2022-03-09
28786.53	27460.253	26658.902	26189.178	26553.804	28538.169	NA	NA	NA	NA	NA	NA	NA	NA	NA	NA	NA	NA	43427.391	43401.463	40562.073	37559.806	34116.174	30990.087	2022-03-10
28611.501	27681.387	26982.429	26714.357	27038.795	28254.957	32601.111	37611.776	41758.604	42298.813	41944.407	41267.333	39330.746	38679.003	39429.63	39735.085	39998.581	40574.677	42246.356	42456.914	39944.629	37044.837	33742.602	31157.282	2022-03-11
28917.704	27489.023	26349.313	26020.765	26051.054	26795.821	28786.39	31330.071	33738.956	34776.111	34580.65	33550.183	31953.973	30647.573	30058.952	30163.069	31016.97	32826.47	NA	37881.721	35891.475	33251.387	30626.905	28143.521	2022-03-12
26140.31	24471.712	23476.83	23013.704	23049.128	23542.015	24337.327	25066.967	26924.37	28421.262	29156.256	29443.748	29070.648	27507.812	26754.379	26807.979	27671.3	29883.214	NA	35609.476	34619.389	32622.276	30228.996	27419.489	2022-03-13
25094.848	24035.663	23406.987	22931.617	23823.952	25900.469	31141.217	36366.948	40986.662	41952.579	NA	NA	39118.045	38809.819	39560.095	40067.835	40505.952	41076.312	42669.009	43131.486	40992.044	38188.15	34476.174	31234.275	2022-03-14
NA	26734.668	25945.48	25598.818	25957.37	27954.135	NA	NA	NA	NA	NA	NA	NA	NA	NA	NA	NA	NA	42184.17	42631.938	40662.496	37480.8	34068.239	30689.484	2022-03-15
28148.425	26778.069	25986.426	25752.459	26027.064	28085.202	32476.386	NA	NA	NA	NA	NA	NA	NA	NA	NA	NA	39426.123	41314.487	42050.919	40296.68	37345.888	33850.136	30511.08	2022-03-16
28555.871	27122.753	26472.241	26124.261	26295.283	28068.11	NA	NA	NA	NA	NA	NA	NA	NA	NA	NA	NA	NA	NA	NA	NA	NA	NA	NA	2022-03-17
28482.173	26807.231	25988.755	25680.868	25893.279	28149.607	32493.809	37728.002	NA	NA	NA	NA	NA	NA	NA	NA	NA	39980.223	41533.073	42327.346	39875.262	37222.409	33666.325	30306.698	2022-03-18
NA	27219.816	26142.781	25792.826	25654.734	26515.131	28361.321	NA	NA	NA	33610.795	32558.499	31529.635	30437.286	29961.087	29722.629	30363.061	32083.158	35351.401	37084.919	35372.485	33066.829	30422.9	28054.447	2022-03-19
26252.452	24653.236	23549.86	23222.351	23132.185	23895.456	24335.523	24900.506	26731.395	28199.222	28662.917	28646.918	NA	NA	26537.557	26781.64	27800.052	29555.264	32479.817	34761.046	33902.489	31941.378	29363.366	27311.854	2022-03-20
25212.533	24058.218	23435.647	22518.523	23215.893	26224.082	30556.774	35751.247	40442	NA	NA	NA	NA	NA	NA	NA	NA	NA	42033.801	42549.295	40344.391	37803.022	34177.966	31103.996	2022-03-21
29050.112	27525.117	26781.472	26401.835	26431.518	28680.44	32936.76	NA	NA	NA	NA	NA	NA	NA	NA	39451.887	NA	NA	42583.003	43598.628	41434.831	NA	NA	31424.149	2022-03-22
28876.183	27635.851	26589.915	26556.54	NA	28796.967	NA	NA	NA	NA	NA	NA	NA	NA	NA	NA	39344.923	39854.443	41458.641	42970.818	40153	37075.787	33521.394	30461.956	2022-03-23
28546.162	27360.359	26605.512	26436.73	26732.426	28228.004	NA	36857.482	NA	NA	NA	NA	NA	NA	NA	NA	38174.004	38394.133	40561.79	41823.905	40293.643	37102.339	33928.062	30906.081	2022-03-24
28675.089	27195.658	26619.747	26361.686	26774.08	28495.24	NA	37229.398	NA	NA	NA	NA	NA	NA	NA	38419.072	38831.109	39312.959	41187.852	42527.921	40236.368	37305.545	33914.107	30879.606	2022-03-25
28442.84	26975.545	25901.255	25652.228	25866.437	26527.684	28234.952	30483.179	32325.92	33028.608	32296.882	31221.355	29799.126	28616.647	28149.478	28047.941	28813.163	30824.445	33527.065	36502.973	34779.44	32587.468	30090.661	27767.457	2022-03-26
24679.511	23177.333	22022.014	22131.161	22486.936	22701.037	23664.943	25171.251	26474.999	27156.894	27343.012	27129.006	25816.45	24856.025	24711.593	24904.306	26100.184	28603.701	31804.222	31980.262	30312.955	28224.591	25831.071	NA	2022-03-27
24002.586	22828.863	22416.518	22362.922	22901.122	25113.742	30148.6	35572.854	NA	NA	NA	NA	NA	36703.557	37412.137	37470.47	37630.474	37950.172	39309.95	40970.245	39790.569	37263.361	33907.424	30827.862	2022-03-28
27726.744	26280.232	25599.051	25486.022	25896.199	27566.764	31871.206	36698.732	40341.183	NA	NA	NA	NA	NA	NA	NA	NA	NA	NA	40992.003	40234.036	NA	NA	NA	2022-03-29
27902.953	26547.73	25945.606	25701.009	26112.189	27717.991	31648.16	36648.492	40606.288	41987.307	NA	NA	NA	NA	NA	NA	NA	NA	NA	NA	NA	NA	NA	NA	2022-03-30
NA	NA	NA	NA	NA	NA	NA	NA	NA	NA	NA	NA	NA	NA	NA	NA	NA	NA	NA	NA	NA	NA	NA	NA	2022-03-31
