108585.725	108437.302	108581.25	108863.164	108757.251	110027.462	110561.815	113603.881	119660.046	121684.035	121851.762	122864.652	122714.43	NA	NA	NA	NA	NA	NA	120052.294	118897.308	117983.583	115914.722	111838.819	2022-08-01
110737.218	110358.716	NA	NA	NA	110752.153	110640.2	115515.613	NA	120179.749	121205.698	121916.446	121884.787	121551.687	NA	NA	NA	118881.148	121119.975	119284.082	118343.855	117405.597	114664.968	112076.783	2022-08-02
109632.99	NA	NA	NA	109682.805	109750.261	109947.185	113533.971	116989.235	118727.587	119738.621	NA	NA	NA	119684.829	118804.795	117792.251	116868.553	118847.484	117515.393	116999.706	116343.284	112726.61	110462.709	2022-08-03
108782.904	NA	NA	NA	108942.3	109133.53	109114.992	111307.366	115700.063	117447.965	118512.757	NA	NA	NA	NA	118774.511	117683.167	116766.92	117177.756	115953.889	115588.029	114491.293	111805.242	110088.864	2022-08-04
107998.275	108137.448	NA	108483.426	108477.892	108652.041	109102.809	112413.985	115809.547	117361.417	NA	NA	118347.972	NA	118674.498	118044.631	117547.86	116596.403	116391.085	115239.109	115384.122	115058.636	113278.437	110952.17	2022-08-05
109191.566	109227.973	109052.846	108904.41	108604.473	108851.157	109613.506	112206.276	114391.049	116743.619	118196.631	119216.512	119041.341	118723.158	118278.912	116755.259	116107.979	115121.075	113966.222	113670.642	114922.229	114378.808	113614.264	110784.648	2022-08-06
108742.859	108488.082	108288.141	108123.192	108298.89	108583.115	109210.124	110244.239	112600.309	113745.062	114435.179	115504.124	115704.926	116417.464	116085.091	116448.49	115767.54	115977.88	116142.411	115943.038	116053.639	115460.629	112517.972	110791.151	2022-08-07
109171.366	109104.135	109042.796	109184.215	109457.644	110092.152	111330.676	114235.218	117819.467	118468.286	118462.839	118895.998	119144.863	119052.571	118319.851	117561.93	116603.163	116802.775	117334.467	117153.339	116896.293	116350.715	113858.045	112009.651	2022-08-08
111450.474	111191.458	111198.432	111008.374	111477.706	111786.909	112879.897	115511.658	118922.873	120027.727	121288.223	120807.472	120932.16	120751.258	120751.838	120401.511	120300.886	119786.68	118205.109	117517.028	117349.605	117093.759	114929.272	113599.284	2022-08-09
111236.453	111522.373	111718.836	111577.739	111860.603	112424.284	112628.556	115762.609	118345.639	120183.955	121315.643	122117.86	122406.99	122242.858	NA	121382.889	121052.456	121052.719	118781.509	118192.792	118319.032	117482.411	116688.064	114138.483	2022-08-10
110553.771	110575.909	NA	110270.693	110306.778	110573.636	NA	113340.926	116437.319	119070.009	120464.142	121132.878	120844.033	120626.815	120002.881	119151.323	118003.689	117119.43	117604.966	116743.203	116551.043	116503.088	114296.202	113058.959	2022-08-11
109748.999	109544.794	109042.887	109189.839	109203.385	109426.172	109867.455	113993.347	118503.936	120414.492	120256.034	119686.433	120036.942	120349.787	119750.603	119334.213	119009.85	119065.633	120984.811	119605.048	119345.045	116581.701	113289.531	111788.989	2022-08-12
112209.082	112195.004	112246.642	111219.253	111391.704	111292.74	111389.545	113394.663	115838.945	118004.07	119931.274	121545.724	120993.019	NA	NA	NA	118654.217	118523.068	118665.253	118661.027	117193.055	116328.585	114470.28	113058.723	2022-08-13
113413.993	113313.44	112898.092	111968.677	112006.656	112267.144	112798.308	114335.544	117291.139	120087.448	121150.682	121977.003	121029.265	NA	NA	NA	118372.688	117729.059	118379.309	116813.76	116411.069	115200.557	113449.732	113140.277	2022-08-14
110024.29	110170.353	109960.707	110191.812	110341.2	110650.765	111028.778	112684.297	115154.243	116480.158	117847.255	118601.366	118932.179	NA	NA	NA	NA	119048.115	118073.737	117502.063	117465.128	115678.453	114733.381	113447.785	2022-08-15
111343.709	111136.129	111027.217	111251.962	111031.136	110844.536	110580.751	113388.413	116414.508	118082.4	119294.947	120102.301	119363.858	118733.493	118329.032	117641.085	117624.708	116667.395	117098.273	117250.961	116871.529	116032.446	113408.438	110909.137	2022-08-16
108406.56	108000.489	107981.1	108286.375	108423.63	108999.104	109050.582	110977.041	114666.46	116601.999	117442.242	NA	NA	118696.273	118214.433	117843.762	116812.741	117149.407	115571.973	115600.245	116830.106	115288.502	112977.03	111051.697	2022-08-17
109028.834	109277.974	108765.492	108563.521	108802.077	108974.651	109781.943	112144.906	114838.151	116683.667	117657.334	117611.688	117850.699	118235.32	118007.458	NA	116288.23	116395.59	116829.895	116799.799	117123.991	114678.629	112299.767	111030.23	2022-08-18
NA	NA	NA	NA	NA	NA	NA	NA	NA	NA	NA	NA	NA	NA	NA	NA	NA	NA	NA	NA	NA	NA	NA	NA	2022-08-19
NA	NA	NA	NA	NA	NA	NA	NA	NA	NA	NA	NA	NA	NA	NA	NA	NA	NA	NA	NA	118808.245	117453.378	114007.474	112950.037	2022-08-20
110638.81	110182.589	110070.42	110057.71	109318.753	109691.561	110767.298	111586.46	NA	NA	NA	NA	NA	NA	NA	NA	NA	NA	NA	NA	117394.202	116701.383	114718.621	113272.95	2022-08-21
110828.289	110781.022	110675.073	111089.988	111165.741	111575.509	111974.61	114408.241	117458.227	119757.71	NA	NA	NA	NA	NA	NA	NA	NA	118497.619	118203.854	117844.628	116606.686	114569.311	112830.453	2022-08-22
111057.724	111273.532	111067.594	111216.731	111270.029	111836.467	NA	NA	NA	NA	NA	NA	NA	NA	NA	NA	NA	NA	NA	NA	NA	117771.455	115973.919	113571.717	2022-08-23
110565.563	110660.298	110655.587	110822.68	111143.361	111794.663	111118.989	114414.147	116873.206	119403.911	NA	NA	NA	NA	NA	NA	NA	118252.295	NA	NA	NA	116949.626	113867.031	112846.788	2022-08-24
110459.305	110469.227	110351.099	110318.864	110646.704	111205.307	111552.832	NA	NA	NA	NA	NA	NA	NA	NA	NA	NA	NA	NA	117270.664	116192.694	114648.566	112524.389	NA	2022-08-25
108130.183	108078.391	107999.202	107741.324	107970.116	108322.396	108169.166	NA	NA	NA	NA	NA	NA	NA	NA	NA	NA	NA	115335.986	115256.557	114324.644	113324.366	109369.278	108226.194	2022-08-26
106738.484	106725.977	106810.267	106779.223	106667.613	106922.248	107172.355	107406.614	109869.496	111846.258	113306.28	114266.556	114332.197	NA	NA	NA	111774.64	110206.26	110000.908	110072.38	110816.753	109003.418	107399.491	106865.758	2022-08-27
106685.97	106618.41	106532.25	106419.49	106336.745	106468.707	106795.303	107611.182	NA	NA	112610.87	NA	NA	NA	NA	NA	NA	110835.385	NA	NA	NA	NA	NA	107765.244	2022-08-28
NA	NA	NA	NA	NA	NA	NA	NA	NA	NA	NA	NA	NA	NA	NA	NA	NA	NA	NA	NA	116516.112	115640.653	111902.481	NA	2022-08-29
109065.575	109077.108	109157.89	109055.216	109377.184	109869.487	NA	NA	NA	NA	NA	NA	NA	NA	NA	NA	NA	NA	NA	NA	NA	NA	NA	NA	2022-08-30
111315.827	111440.122	111367.289	NA	NA	NA	112932.376	115991.859	NA	NA	NA	NA	NA	NA	NA	NA	NA	NA	NA	118752.591	118957.111	118113.368	115494.5	113216.366	2022-08-31
