70.537
73.8
72.495
72.638
67.685
65.478
66.47
67.149
71.758
74.635
73.47
69.696
70.715
66.425
66.213
67.303
59.178
63.413
67.012
66.638
69.367
70.203
72.614
72.569
66.182
63.087
62.656
62.779
62.588
61.362
60.821
61.988
62.822
59.549
59.406
59.405
63.683
63.28
61.199
59.283
58.509
57.188
57.053
57.85
55.9
56.409
57.696
56.187
51.663
51.7
52.754
52.943
51.324
51.728
51.407
51.516
51.899
55.264
52.973
51.826
52.392
51.642
47.502
47.317
48.994
44.932
45.924
43.738
41.338
48.048
47.982
50.659
51.174
47.414
45.647
46.367
44.95
44.586
45.059
43.341
44.369
44.43
45.278
42.739
42.399
43.4
45.813
46.576
45.637
43.534
44.958
44.92
48.191
52.11
51.382
51.357
47.844
44.256
43.913
44.542
46.606
49.093
48.941
46.985
43.964
44.014
46.224
46.92
47.228
45.979
45.514
42.398
42.035
42.601
38.284
42.075
41.56
40.24
39.06
37.637
38.687
43.142
42.675
40.322
39.1
35.547
35.925
40.62
41.536
40.664
39.053
38.158
33.472
33.054
36.274
35.397
34.825
36.177
33.362
30.447
30.349
34.09
32.564
32.275
31.235
27.557
23.858
23.653
27.186
29.898
28.452
26.91
23.725
23.14
23.161
24.189
28.957
28.075
27.907
28.698
29.471
30.211
32.412
31.427
32.993
38.345
42.656
34.308
34.222
35.943
36.693
42.062
41.891
36.684
32.464
32.859
34.496
36.28
36.417
37.776
36.133
36.448
36.253
38.484
37.225
36.71
37.109
34.931
32.536
32.432
36.089
34.948
33.215
31.195
28.732
26.342
26.297
29.234
28.924
29.487
29.991
30.684
29.723
29.41
32.282
33.232
33.82
31.736
29.358
25.951
25.899
26.703
28.84
30.16
30.512
32.605
28.679
28.599
28.826
28.892
28.738
36.243
34.458
29.313
29.021
29.352
28.357
33.678
34.522
33.733
29.564
31.102
36.304
39.403
43.683
41.013
34.315
37.932
35.889
39.385
41.163
40.155
36.945
33.258
30.432
30.221
32.386
32.154
34.115
34.737
34.508
33.863
33.752
37.246
40.68
39.694
39.529
38.452
36.042
35.703
37.895
36.977
37.5
39.054
39.137
38.462
38.168
40.137
42.995
40.556
38.949
40.297
32.873
33.519
38.308
36.011
32.742
34.517
31.301
27.938
28.085
33.393
41.507
45.889
47.874
48.734
50.586
50.266
53.553
49.314
46.353
47.097
44.293
45.138
45.076
47.926
48.138
48.387
48.499
47.704
45.358
45.464
47.704
46.722
38.543
36.347
38.596
37.953
37.847
41.913
42.152
43.794
43.713
42.552
39.289
39.372
42.971
43.043
43.858
44.898
43.488
41.967
41.943
43.044
44.034
44.237
44.191
44.577
44.762
44.823
47.565
44.957
43.856
42.702
41.641
41.704
41.696
44.647
43.261
40.911
39.939
37.502
37.507
37.812
39.293
37.606
36.453
36.77
35.009
31.333
31.624
33.434
36.361
34.93
35.019
33.487
32.355
32.067
32.076
32.106
33.181
34.493
31.84
31.527
31.369
